      Step     Time          Energy         fmax
BFGS:    0 17:40:43   -40358.783478        8.5833
BFGS:    1 17:40:58   -40359.545767       11.3295
